1 001000001000000010110011100100101110101011000010001111011010000111010001110010111010011110010000010111100110110101001001001100110000010001011001  !18 values! 111100001000000000100110010110001111100011000010101100100000011101001011111100100010010000000100001110101101110010001010011011010010001101011100 0 0 0 0
1 001000001000000010110011100100101110101011000010001111011010000111010001110010111010011110010000010111100110110101001001001100110000010001011001 11110000100000000010011001011000111110001100001010110010000001110100101111110010001001000000010000111010110111001000101001101101001000110101f1100 0 0 0 0
0 111100001000000000100110010110001111100011000010101100100000011101001011111100100010010000000100001110101101110010001010011011010010001101011100 001000001000000010110011100100101110101011000010001111011010000111010001110010111010011110010000010111100110110101001001001100110000010001011001 13 4 11111000 01101101
0 111100001000000000100110010110001111100011000010101100100000011101001011111100100010010000000100001110101101110010001010011011010010001101011100 001000001000000010110011100100101110101011000010001111011010000111010001110010111010011110010000010111100110110101001001001100110000010001011001 8 13 11110010 11101010
0 111100001000000000100110010110001111100011000010101100100000011101001011111100100010010000000100001110101101110010001010011011010010001101011100 001000001000000010110011100100101110101011000010001111011010000111010001110010111010011110010000010111100110110101001001001100110000010001011001 1 4 00100011 01101101
0 111100001000000000100110010110001111100011000010101100100000011101001011111100100010010000000100001110101101110010001010011011010010001101011100 001000001000000010110011100100101110101011000010001111011010000111010001110010111010011110010000010111100110110101001001001100110000010001011001 0 1 01011100 00000100
0 111100001000000000100110010110001111100011000010101100100000011101001011111100100010010000000100001110101101110010001010011011010010001101011100 001000001000000010110011100100101110101011000010001111011010000111010001110010111010011110010000010111100110110101001001001100110000010001011001 10 9 00000111 11010001
0 111100001000000000100110010110001111100011000010101100100000011101001011111100100010010000000100001110101101110010001010011011010010001101011100 001000001000000010110011100100101110101011000010001111011010000111010001110010111010011110010000010111100110110101001001001100110000010001011001 4 11 11011100 00111101
0 111100001000000000100110010110001111100011000010101100100000011101001011111100100010010000000100001110101101110010001010011011010010001101011100 001000001000000010110011100100101110101011000010001111011010000111010001110010111010011110010000010111100110110101001001001100110000010001011001 8 1 11110010 00000100
0 111100001000000000100110010110001111100011000010101100100000011101001011111100100010010000000100001110101101110010001010011011010010001101011100 001000001000000010110011100100101110101011000010001111011010000111010001110010111010011110010000010111100110110101001001001100110000010001011001 5 11 00111010 00111101
0 111100001000000000100110010110001111100011000010101100100000011101001011111100100010010000000100001110101101110010001010011011010010001101011100 001000001000000010110011100100101110101011000010001111011010000111010001110010111010011110010000010111100110110101001001001100110000010001011001 14 6 01011000 10010000
0 111100001000000000100110010110001111100011000010101100100000011101001011111100100010010000000100001110101101110010001010011011010010001101011100 001000001000000010110011100100101110101011000010001111011010000111010001110010111010011110010000010111100110110101001001001100110000010001011001 17 7 11110000 10100111
0 111100001000000000100110010110001111100011000010101100100000011101001011111100100010010000000100001110101101110010001010011011010010001101011100 001000001000000010110011100100101110101011000010001111011010000111010001110010111010011110010000010111100110110101001001001100110000010001011001 13 3 11111000 01001001
0 111100001000000000100110010110001111100011000010101100100000011101001011111100100010010000000100001110101101110010001010011011010010001101011100 001000001000000010110011100100101110101011000010001111011010000111010001110010111010011110010000010111100110110101001001001100110000010001011001 17 11 11110000 00111101
0 111100001000000000100110010110001111100011000010101100100000011101001011111100100010010000000100001110101101110010001010011011010010001101011100 001000001000000010110011100100101110101011000010001111011010000111010001110010111010011110010000010111100110110101001001001100110000010001011001 0 17 01011100 00100000
0 111100001000000000100110010110001111100011000010101100100000011101001011111100100010010000000100001110101101110010001010011011010010001101011100 001000001000000010110011100100101110101011000010001111011010000111010001110010111010011110010000010111100110110101001001001100110000010001011001 3 13 10001010 11101010
0 111100001000000000100110010110001111100011000010101100100000011101001011111100100010010000000100001110101101110010001010011011010010001101011100 001000001000000010110011100100101110101011000010001111011010000111010001110010111010011110010000010111100110110101001001001100110000010001011001 2 4 01101101 01101101
0 111100001000000000100110010110001111100011000010101100100000011101001011111100100010010000000100001110101101110010001010011011010010001101011100 001000001000000010110011100100101110101011000010001111011010000111010001110010111010011110010000010111100110110101001001001100110000010001011001 4 7 11011100 10100111
0 111100001000000000100110010110001111100011000010101100100000011101001011111100100010010000000100001110101101110010001010011011010010001101011100 001000001000000010110011100100101110101011000010001111011010000111010001110010111010011110010000010111100110110101001001001100110000010001011001 17 5 11110000 01011110
0 111100001000000000100110010110001111100011000010101100100000011101001011111100100010010000000100001110101101110010001010011011010010001101011100 001000001000000010110011100100101110101011000010001111011010000111010001110010111010011110010000010111100110110101001001001100110000010001011001 1 5 00100011 01011110
0 111100001000000000100110010110001111100011000010101100100000011101001011111100100010010000000100001110101101110010001010011011010010001101011100 001000001000000010110011100100101110101011000010001111011010000111010001110010111010011110010000010111100110110101001001001100110000010001011001 11 13 10110010 11101010
0 111100001000000000100110010110001111100011000010101100100000011101001011111100100010010000000100001110101101110010001010011011010010001101011100 001000001000000010110011100100101110101011000010001111011010000111010001110010111010011110010000010111100110110101001001001100110000010001011001 17 0 11110000 01011001
